solution:
  cost: 317.0
  path:
  - '0'
  - '99'
  expanded_nodes: 8
  heuristic:
    city_0: 186.4323632303281
    city_1: 188.72175390808525
    city_10: 252.42575938394776
    city_11: 180.5383221063325
    city_12: 155.7783982033147
    city_13: 231.1508866541232
    city_14: 156.86000100588336
    city_15: 256.89952698776347
    city_16: 188.88684362668505
    city_17: 151.8226780466676
    city_18: 228.69506110220797
    city_19: 75.66391332385568
    city_2: 285.061364464195
    city_20: 175.90478519024694
    city_21: 251.74010717842614
    city_22: 239.84655116992582
    city_23: 142.10751305827552
    city_24: 388.58165016535895
    city_25: 412.311718758114
    city_26: 174.19294174730499
    city_27: 211.613648323795
    city_28: 307.9792837128661
    city_29: 175.09773172641837
    city_3: 179.8619978191741
    city_30: 303.0321713904484
    city_31: 141.39342520342396
    city_32: 210.83599479622325
    city_33: 300.8624231106901
    city_34: 341.15301315214884
    city_35: 298.5714223377693
    city_36: 107.1075678054495
    city_37: 121.59208372447793
    city_38: 302.6295822149164
    city_39: 39.192232940032596
    city_4: 241.46568420806992
    city_40: 293.1356196476157
    city_41: 189.1095135326281
    city_42: 152.7843814084194
    city_43: 328.9195770600561
    city_44: 215.38732719148763
    city_45: 59.020594651934545
    city_46: 473.2593823073194
    city_47: 91.61795061931456
    city_48: 163.4671260472662
    city_49: 138.15691008238716
    city_5: 162.3900562860819
    city_50: 242.00330399290036
    city_51: 297.0657405345646
    city_52: 203.5104660727754
    city_53: 305.95472489845616
    city_54: 420.23334549108205
    city_55: 156.11568734597415
    city_56: 142.26628545459104
    city_57: 184.90423766993365
    city_58: 315.24468255753266
    city_59: 40.886347245459504
    city_6: 50.32109913580949
    city_60: 350.0299346847382
    city_61: 172.00774489687367
    city_62: 191.95214738224823
    city_63: 324.63648000995653
    city_64: 115.22298898891
    city_65: 100.1296800145053
    city_66: 407.5499765755336
    city_67: 208.5126040567358
    city_68: 131.0370615307868
    city_69: 278.4963117958177
    city_7: 134.84246403236023
    city_70: 195.68305865268852
    city_71: 283.02958842594273
    city_72: 187.74923415614825
    city_73: 275.6321983103578
    city_74: 109.02494304974537
    city_75: 149.3488071561638
    city_76: 167.965982851505
    city_77: 165.7111506450449
    city_78: 109.82733495316502
    city_79: 138.83443638646176
    city_8: 80.80833985023293
    city_80: 57.92487755511102
    city_81: 134.98251303293023
    city_82: 140.11151746867876
    city_83: 195.4785152489023
    city_84: 153.60069860867443
    city_85: 172.48946633408406
    city_86: 261.1633429452946
    city_87: 157.17396886242457
    city_88: 196.3163466818326
    city_89: 209.61670981021697
    city_9: 395.39915696306184
    city_90: 364.8923176411367
    city_91: 79.51739609396286
    city_92: 42.426982270856925
    city_93: 438.8659848662565
    city_94: 139.53186653589452
    city_95: 329.6343359991739
    city_96: 341.63077857059847
    city_97: 91.77303366357471
    city_98: 295.30261464573624
    city_99: 0.0
